Epoch	AverageEpRet	StdEpRet	MaxEpRet	MinEpRet	AverageEpCost	StdEpCost	MaxEpCost	MinEpCost	EpLen	CumulativeCost	CostRate	AverageVVals	StdVVals	MaxVVals	MinVVals	AverageCostVVals	StdCostVVals	MaxCostVVals	MinCostVVals	LossPi	DeltaLossPi	SurrCost	DeltaSurrCost	LossV	DeltaLossV	LossVC	DeltaLossVC	Penalty	DeltaPenalty	Alpha	BacktrackIters	Entropy	KL	TotalEnvInteracts	Time
0	0.0018947273	2.0807118	3.5245018	-1.8734112	25.25	24.893524	63.0	0.0	1000.0	101.0	0.02525	0.20563486	0.39242283	0.9020621	-1.1296605	0.9549232	0.39834896	1.7159647	0.0027871942	-4.053116e-09	-0.018783176	-2.8371812e-08	-0.0061861333	0.390224	-0.35283804	27.682093	-9.641245	0	0	0.9541183	0.0	1.837877	0.007771051	4000	5.540165185928345
1	0.91767526	1.9845824	3.9864507	-1.2722663	101.25	75.091194	214.0	25.0	1000.0	506.0	0.06325	0.13030814	0.5003245	1.4733046	-1.1776518	2.9716544	2.254873	8.2686405	-2.2648776	-2.8371812e-08	-0.022104133	-1.9550324e-08	-9.099293e-05	0.15298729	-0.08680673	186.30054	-94.01373	0	0	0.8642513	0.0	1.8382441	0.008271874	8000	10.491790533065796
2	1.3550098	1.1758265	2.6730437	-0.4269997	126.5	32.791004	170.0	79.0	1000.0	1012.0	0.08433333333333333	0.17965455	0.48988682	1.3918717	-1.046656	13.703063	3.572646	18.583382	1.3716567	-1.37090685e-08	-0.022969214	2.2053719e-07	-0.0009386361	0.07035027	-0.05234377	126.0147	-47.167564	0	0	0.9037535	0.0	1.855651	0.00938562	12000	15.418302774429321
3	1.3140719	1.9569534	4.3872604	-0.600638	74.75	77.41891	178.0	0.0	1000.0	1311.0	0.0819375	0.14450519	0.35116172	0.90728974	-0.7957629	10.3871155	4.7318497	20.090101	-1.5826513	-8.106232e-09	-0.022316799	8.2492825e-08	0.0011916966	0.06532476	-0.029410746	164.30185	-48.390587	0	0	0.90279734	0.0	1.8882675	0.009334975	16000	20.364567041397095
4	1.2802899	1.443096	3.0556974	-0.20153041	108.5	50.894497	188.0	55.0	1000.0	1745.0	0.08725	0.14611135	0.3892595	1.0548207	-0.7220833	7.434202	5.8428574	23.849731	-2.689842	8.9406965e-10	-0.022798443	3.7670137e-08	-0.050253622	0.06483425	-0.035235878	273.36588	-129.14534	0	0	0.8611472	0.0	1.8877667	0.008320296	20000	25.296780824661255
5	0.3756873	0.60495853	0.90145487	-0.6237356	192.5	30.647186	240.0	165.0	1000.0	2515.0	0.10479166666666667	-0.02321927	0.3925258	1.2586553	-0.75338954	13.060653	7.5517426	25.555727	-0.8115565	7.152557e-09	-0.024197854	-3.9100648e-08	0.021368872	0.06547523	-0.038342744	276.2501	-102.40874	0	0	0.85638314	0.0	1.8977408	0.009334079	24000	30.223996877670288
6	1.4191191	1.3326051	3.5315764	-0.07283162	120.0	79.05061	251.0	41.0	1000.0	2995.0	0.10696428571428572	0.113418885	0.417757	1.0860165	-0.8017795	16.963453	9.172399	29.503473	1.1277775	-4.9471853e-09	-0.022865556	-1.2111664e-07	-0.022055253	0.087267466	-0.06313717	194.22958	-86.7403	0	0	0.8491867	0.0	1.91943	0.008975082	28000	35.178927183151245
7	3.193784	1.0983102	4.477636	1.7146423	97.0	33.637775	131.0	49.0	1000.0	3383.0	0.10571875	0.1865539	0.30049852	0.9526179	-0.629242	13.714016	10.078518	33.76979	-1.3329163	1.9669534e-08	-0.019277256	5.4836274e-08	-0.0063954694	0.113209136	-0.05835735	147.64241	-77.84659	0	0	0.8622018	1.0	1.8723553	0.0063404543	32000	40.093523025512695
8	3.7728667	2.4407208	6.587011	-0.0026473412	67.5	51.85798	145.0	0.0	1000.0	3653.0	0.10147222222222223	0.53088284	0.45090657	1.7025521	-0.65922254	12.590448	9.165407	35.479153	1.0297308	1.6689301e-09	-0.02271894	1.1301041e-07	-0.018763706	0.24631253	-0.20161463	147.83528	-95.85955	0	0	0.72216606	1.0	1.8655218	0.0063100974	36000	45.1078360080719
9	4.9244885	2.5311596	8.821659	2.1067183	68.5	48.736538	123.0	0.0	1000.0	3927.0	0.098175	0.3672236	0.44751891	1.5663191	-0.7904292	7.914956	6.375017	34.79562	-0.7284816	-1.2397766e-08	-0.023632148	9.441376e-08	0.017947355	0.12826817	-0.09757236	118.97731	-38.858696	0	0	0.82062733	0.0	1.8524299	0.008265923	40000	50.08672094345093
10	5.1887193	2.083392	7.6583185	2.2304606	94.0	36.91883	149.0	53.0	1000.0	4303.0	0.09779545454545455	0.46988946	0.45947006	1.6309931	-0.5864306	10.036672	9.244951	35.576633	-4.4047794	2.348423e-08	-0.022371892	-3.6239623e-08	0.011855842	0.15312347	-0.08866392	107.62768	-44.894886	0	0	0.8506331	0.0	1.8337393	0.007900511	44000	55.06496620178223
11	6.652464	3.171951	11.644107	2.9312136	96.0	72.7427	221.0	40.0	1000.0	4687.0	0.09764583333333333	0.6502695	0.35065603	1.5755883	-0.31270546	10.164689	7.247422	34.483063	0.00755018	2.0861626e-09	-0.02134271	-6.9141386e-09	0.037539024	0.15165845	-0.0800276	183.71716	-59.055473	0	0	0.8762622	0.0	1.7895222	0.008386642	48000	60.0287139415741
12	6.002866	4.601608	11.080434	-1.2664961	69.5	17.951323	93.0	44.0	1000.0	4965.0	0.09548076923076923	0.6977409	0.5290724	1.9957428	-0.5040099	9.021436	6.035158	28.774015	-3.9981458	-2.8133393e-08	-0.021028938	-7.05719e-08	0.0021677832	0.13049862	-0.06828265	65.15916	-38.10247	0	0	0.9084486	0.0	1.7299132	0.007861519	52000	65.00899767875671
13	7.295334	1.0250542	8.371094	5.8048015	154.0	55.686623	223.0	75.0	1000.0	5581.0	0.09966071428571428	0.69796324	0.6052752	1.8441004	-1.1410356	7.643033	4.04191	26.459454	-0.8647095	5.9604646e-09	-0.02328478	1.397133e-07	-0.007988888	0.11940482	-0.08180236	215.5168	-97.56255	0	0	0.91519797	0.0	1.6816157	0.009802398	56000	69.97406363487244
14	6.2204127	1.176872	7.8785925	4.995736	81.25	27.325583	122.0	45.0	1000.0	5906.0	0.09843333333333333	0.75587267	0.40766212	1.6455725	-0.46648237	13.550739	6.9201555	31.878555	-3.5129979	-1.2159347e-08	-0.025962187	6.139278e-08	0.018232118	0.1907146	-0.12672868	95.732796	-44.186234	0	0	0.87496936	0.0	1.6689866	0.00891378	60000	74.96956372261047
15	8.02896	1.1678822	9.9614935	7.0110006	87.75	14.024532	104.0	71.0	1000.0	6257.0	0.097765625	0.7195214	0.38547334	1.7770205	-0.4362762	9.370214	3.9081206	25.698942	1.0663949	-2.8610229e-08	-0.019106943	-2.7179718e-08	-0.0038214477	0.17225595	-0.12413707	72.29814	-26.486126	0	0	0.9564881	0.0	1.6966138	0.007967838	64000	79.99100232124329
16	8.248846	1.6219673	10.4703455	6.0441256	101.75	55.872063	185.0	28.0	1000.0	6664.0	0.098	0.94542295	0.3772754	1.9302866	-0.50087065	7.1044044	4.8881145	31.275896	0.5212269	4.2915342e-09	-0.022186186	5.4359436e-08	0.012480194	0.16154376	-0.08150337	137.10008	-36.11503	0	0	0.8856079	0.0	1.6884098	0.0095848	68000	85.0124728679657
17	5.037913	3.7920964	10.960451	0.485195	100.0	54.483944	174.0	31.0	1000.0	7064.0	0.09811111111111111	0.6109316	0.5442351	1.9563226	-0.99061936	13.629348	7.8341413	35.085197	2.7125149	-2.3841857e-09	-0.022884523	-6.67572e-08	-0.025162274	0.16186634	-0.10071686	87.399956	-38.427734	0	0	0.8522076	0.0	1.6629292	0.008908627	72000	90.06342315673828
18	10.009956	1.3759761	12.023493	8.198926	84.75	59.46585	187.0	39.0	1000.0	7403.0	0.09740789473684211	0.9244724	0.49527234	2.1188867	-1.0602647	8.265256	4.8376412	30.309595	0.025673896	3.695488e-09	-0.022423714	8.2492825e-08	-0.0028405227	0.15971048	-0.10179271	71.45258	-29.569366	0	0	0.8828386	0.0	1.6688647	0.00927659	76000	95.1048014163971
19	6.235002	1.7988833	8.065393	3.4158926	84.0	48.295963	155.0	38.0	1000.0	7739.0	0.0967375	0.7397544	0.5592101	2.1392741	-1.1001087	11.652293	9.246449	37.79353	-0.014694959	3.027916e-08	-0.023029285	9.298324e-08	-0.020304535	0.12898701	-0.07616518	125.48751	-64.062355	0	0	0.83103883	0.0	1.6784031	0.009414007	80000	100.16357922554016
20	8.875984	2.1545084	11.480211	6.302393	77.5	46.11128	157.0	44.0	1000.0	8049.0	0.09582142857142857	0.9590742	0.46496776	1.8255762	-0.27762714	9.230929	6.039633	36.633835	1.7697506	5.066395e-09	-0.02183147	-1.3351441e-08	-0.0073811337	0.166072	-0.0998811	69.81759	-40.036964	0	0	0.89300483	0.0	1.6382282	0.008744303	84000	105.24176120758057
21	11.781203	2.3186524	15.500553	9.672128	78.75	29.431063	121.0	38.0	1000.0	8364.0	0.09504545454545454	0.9892872	0.43215618	1.8877605	-0.6386867	6.663754	7.148034	36.564674	-1.3722746	2.7656554e-08	-0.022774043	2.193451e-08	-0.005875262	0.17662726	-0.122953124	75.624176	-34.29284	0	0	0.8609278	0.0	1.619446	0.009096325	88000	110.29045867919922
22	10.515826	1.9767205	13.15381	7.760589	26.75	9.202581	39.0	16.0	1000.0	8471.0	0.09207608695652174	1.1465737	0.44111323	2.113879	-0.6546746	7.553846	2.714788	25.16007	4.48668	6.3180923e-09	-0.021348748	5.0544738e-08	-0.019747932	0.11358687	-0.048590824	44.658634	-27.011988	0	0	0.9081044	0.0	1.5939765	0.008663936	92000	115.36026692390442
23	10.887845	1.945247	13.791246	8.6288185	47.5	39.373215	94.0	7.0	1000.0	8661.0	0.09021875	1.0977238	0.48359036	1.9555556	-0.40030134	3.6318974	2.1148665	17.6039	0.39941278	2.1606683e-09	-0.019434206	-1.4305114e-08	-0.0011986032	0.13405903	-0.068922125	52.36507	-24.915035	0	0	0.93006754	0.0	1.5829666	0.007106327	96000	120.51975083351135
24	11.317222	0.6440521	12.095725	10.312294	61.25	46.380898	111.0	0.0	1000.0	8906.0	0.08906	1.1593354	0.42336038	1.945557	-0.46941432	4.05573	4.1831484	29.789858	0.38067	-2.4318695e-08	-0.016783852	2.9563903e-08	0.004612118	0.054182407	-0.029855147	62.424423	-31.274876	0	0	0.93104774	1.0	1.5648074	0.0060837166	100000	125.63573479652405
25	12.3662	2.5398746	14.114483	7.977433	82.5	55.54503	170.0	19.0	1000.0	9236.0	0.08880769230769231	1.2421743	0.3234483	1.9437203	0.25615215	5.383664	6.9710603	29.229677	-0.2362194	-2.861023e-09	-0.021745056	-3.5762786e-09	-0.017317997	0.11462414	-0.06173538	148.39238	-45.35843	0	0	0.8626622	0.0	1.5930648	0.008788593	104000	130.7260160446167
26	14.127092	1.5453917	15.81975	11.726541	59.5	57.421684	156.0	15.0	1000.0	9474.0	0.08772222222222222	1.3413506	0.4044799	2.3220103	-0.017144926	7.7755046	4.598576	29.231585	0.28121138	-1.4901161e-08	-0.0256166	-1.2826919e-07	0.0057767844	0.092958756	-0.07309985	54.463306	-26.70206	0	0	0.8433106	0.0	1.5553621	0.009748837	108000	135.84862327575684
27	12.517364	1.5593923	14.7410755	10.992573	79.75	10.304732	90.0	63.0	1000.0	9793.0	0.0874375	1.4219658	0.38613793	2.1601825	0.24378751	7.366145	6.596343	40.16907	1.708422	5.722046e-09	-0.020802915	-4.386902e-08	-0.006528905	0.11511301	-0.06844532	56.60455	-23.519917	0	0	0.9516629	0.0	1.5725102	0.009313253	112000	140.9822642803192
28	10.662498	1.4869099	12.251257	8.23765	82.75	47.3623	163.0	47.0	1000.0	10124.0	0.08727586206896552	1.2150921	0.50896055	2.280629	-0.13196768	8.477711	5.376867	35.2001	3.1085174	-1.4722347e-08	-0.01944229	5.7220458e-08	-0.0113622425	0.061646514	-0.03991115	75.052765	-32.600147	0	0	0.92075074	0.0	1.5834181	0.008736976	116000	146.11809134483337
29	13.720009	1.1958781	15.596347	12.472905	63.25	35.800663	94.0	4.0	1000.0	10377.0	0.086475	1.287167	0.3517215	1.8353127	-0.008862516	7.833082	7.1734924	39.421726	-1.0775974	-1.0728836e-09	-0.01932464	2.9563903e-08	-0.004520779	0.07530279	-0.032467354	75.60009	-40.01959	0	0	0.9616574	0.0	1.5629177	0.008239746	120000	151.24989795684814
30	12.897678	0.6655606	14.023952	12.373667	33.5	17.741196	59.0	9.0	1000.0	10511.0	0.08476612903225807	1.2988919	0.44997457	2.0766878	-0.37944427	6.6789064	6.1768765	35.937172	0.95651984	-6.6161157e-09	-0.025317295	3.027916e-08	0.0051547433	0.10655779	-0.06486876	36.274746	-26.105656	0	0	0.8162207	0.0	1.5642158	0.009443277	124000	156.41965317726135
31	11.657076	1.9503984	14.536229	9.070973	35.5	32.745228	88.0	0.0	1000.0	10653.0	0.0832265625	1.2610495	0.4576598	2.2994893	-0.23162003	4.120087	4.176852	34.382732	0.6160829	-1.5497208e-09	-0.021814616	-9.1552735e-08	-0.014132707	0.104700625	-0.06090759	72.81833	-23.509792	0	0	0.87644595	0.0	1.5350413	0.008482931	128000	161.53658294677734
32	14.442101	2.659137	17.87026	10.404363	34.25	35.492077	91.0	0.0	1000.0	10790.0	0.08174242424242424	1.2906079	0.46414164	2.1942801	-0.12227279	4.0492854	3.9418848	28.143904	0.3225588	7.629395e-09	-0.023369245	4.5776368e-08	0.011390187	0.21299854	-0.102390364	26.560717	-7.7103634	0	0	0.87696505	0.0	1.4977132	0.00920536	132000	166.70661163330078
33	12.639383	2.1213996	15.578826	9.884626	76.5	58.35452	173.0	16.0	1000.0	11096.0	0.08158823529411764	1.372719	0.43568847	2.816997	0.21354192	4.536822	4.4530964	32.620678	0.91013205	2.2768974e-08	-0.020855216	-7.8678134e-08	0.0061983075	0.12674803	-0.079425104	124.663765	-38.465866	0	0	0.92684567	0.0	1.4448469	0.008766543	136000	171.94521617889404
34	14.212925	1.7543718	16.60217	11.891356	54.75	58.362553	155.0	10.0	1000.0	11315.0	0.08082142857142857	1.3498122	0.4555501	2.137105	-0.28193292	6.415172	3.4333997	37.743767	2.948468	1.0728836e-09	-0.022740938	-3.33786e-08	-0.010425883	0.14896767	-0.0853665	48.39003	-16.95976	0	0	0.84587497	0.0	1.4205844	0.008733816	140000	177.1281223297119
35	13.698636	0.5434939	14.355004	13.006654	53.0	32.886166	81.0	0.0	1000.0	11527.0	0.08004861111111111	1.433594	0.4358208	2.3528419	-0.16643722	5.635713	4.7657876	33.07173	3.1692545	1.5735626e-08	-0.020013617	3.6478042e-08	-0.0034242605	0.10923198	-0.05272801	43.252632	-14.992191	0	0	0.90612566	0.0	1.3875682	0.008812165	144000	182.31861901283264
36	14.314405	1.3016052	16.434267	13.073038	38.25	37.02955	98.0	0.0	1000.0	11680.0	0.07891891891891892	1.4225667	0.47335812	2.6650138	-0.10003938	4.637036	3.026582	30.501526	3.0849013	3.5762786e-09	-0.023710586	-1.45435335e-08	-0.0044653653	0.11177275	-0.06560026	36.06924	-2.4997787	0	0	0.8425199	0.0	1.3649035	0.00965465	148000	187.47013306617737
37	13.8526	3.398213	17.224384	8.401168	39.25	23.01494	68.0	8.0	1000.0	11837.0	0.077875	1.5460923	0.42701235	2.3562624	-0.15122497	4.5135593	2.9358263	24.39151	2.7029335	-5.1259996e-09	-0.020854263	5.4121017e-08	-0.0018278973	0.12234724	-0.08681994	15.338641	-2.6266584	0	0	0.8942404	0.0	1.3310666	0.008724742	152000	192.646342754364
38	15.033274	1.50123	17.2042	13.628493	41.75	10.328964	53.0	30.0	1000.0	12004.0	0.07694871794871795	1.4778408	0.47868577	2.4322765	-0.05534808	4.3454247	2.6244948	18.325686	1.986193	-9.953975e-09	-0.01977685	1.6868114e-08	-0.0046295733	0.07801267	-0.048507676	24.554516	-4.312645	0	0	0.9676457	0.0	1.3049703	0.0089260675	156000	197.8339204788208
39	14.791671	2.3940065	18.424314	11.802089	26.25	29.986456	73.0	0.0	1000.0	12109.0	0.07568125	1.5780915	0.37523827	2.5384963	0.41469675	4.292788	1.9819614	14.366476	2.5725095	2.503395e-08	-0.022943288	-3.5762787e-10	-0.0047796923	0.063472986	-0.033830274	15.902999	-5.4386024	0	0	0.8556075	0.0	1.2891912	0.009993032	160000	203.04345536231995
40	16.379045	1.225841	17.863346	14.646188	59.75	31.107676	102.0	27.0	1000.0	12348.0	0.07529268292682927	1.568538	0.3700318	2.1189346	0.12727046	3.5761487	3.3763497	16.978777	1.0426635	-2.861023e-09	-0.01975414	-7.6293944e-08	0.007482237	0.113373175	-0.060102522	50.808655	-25.03119	0	0	0.94630414	0.0	1.2818342	0.008997861	164000	208.25134706497192
41	13.79428	1.5806898	15.3946495	11.840947	79.25	50.928257	153.0	12.0	1000.0	12665.0	0.07538690476190477	1.5140793	0.466996	2.3196175	0.24016894	5.829322	4.71898	30.313843	1.1391542	1.0251999e-08	-0.022478143	1.0251999e-08	-0.00031165621	0.07936015	-0.04294075	69.91642	-25.992168	0	0	0.8516802	0.0	1.259474	0.00913956	168000	213.45237159729004
42	15.786856	0.8525951	16.678007	14.678626	62.5	23.243279	101.0	41.0	1000.0	12915.0	0.07508720930232558	1.4712673	0.41315922	2.1919146	0.010074507	7.5717483	3.7672498	27.27266	4.7740617	-1.0728836e-09	-0.021522406	1.6450882e-08	-0.008512627	0.173046	-0.1009213	72.61519	-22.402847	0	0	0.9159519	0.0	1.257685	0.009293947	172000	218.71595859527588
43	13.647736	0.84807706	14.888249	12.540309	88.0	61.30253	188.0	34.0	1000.0	13267.0	0.07538068181818182	1.58053	0.4516374	2.6678877	0.2542121	7.567564	3.2930198	30.472462	4.3674016	9.953975e-09	-0.021600647	-3.361702e-08	-0.019317148	0.15205854	-0.10207614	129.51863	-67.63913	0	0	0.90278673	0.0	1.2953444	0.00903512	176000	223.94903707504272
44	15.069892	1.8738886	17.703043	12.403965	44.0	24.718414	83.0	15.0	1000.0	13443.0	0.07468333333333334	1.4612437	0.33935001	2.1667948	0.3402219	7.119646	4.4944243	40.080887	-0.77021843	-4.6491624e-09	-0.024052514	9.298325e-09	-0.010100581	0.10147493	-0.063157536	51.10695	-19.297657	0	0	0.8083201	0.0	1.2358258	0.009119764	180000	229.2359118461609
45	15.212295	1.9442044	17.265703	12.023776	45.75	36.085835	101.0	0.0	1000.0	13626.0	0.07405434782608696	1.6026413	0.43044725	2.4460838	0.3495095	4.6754766	2.9593124	23.985558	2.1299455	1.2278557e-08	-0.02433578	-2.7418137e-08	0.008476179	0.06997611	-0.03392598	39.730885	-5.8074875	0	0	0.8194859	0.0	1.207191	0.009550717	184000	234.49769115447998
46	15.665206	2.2081888	18.30515	12.300084	42.0	29.257477	86.0	10.0	1000.0	13794.0	0.07337234042553191	1.5583386	0.42664772	2.5470498	0.3933301	4.5349874	2.8442445	30.304577	-1.2306542	-3.9696694e-08	-0.024050172	1.5974045e-08	0.0030618007	0.12200664	-0.06813535	16.647158	-4.708624	0	0	0.8614717	0.0	1.2094418	0.009617065	188000	239.7745909690857
47	13.402205	1.4253762	15.124734	11.945393	64.0	36.304268	110.0	14.0	1000.0	14050.0	0.07317708333333334	1.5376647	0.46870172	2.364369	0.018204218	4.772687	3.4096353	17.704966	-3.2196503	3.218651e-09	-0.025960388	5.6266785e-08	-1.118803e-05	0.11305298	-0.068264246	58.63251	-17.003613	0	0	0.7678889	0.0	1.2187359	0.009480642	192000	245.0576639175415
48	15.464348	1.4897878	17.101217	13.491115	89.5	58.405907	158.0	0.0	1000.0	14408.0	0.07351020408163265	1.4977173	0.41348425	2.2493007	-0.016968055	6.3626046	4.388632	28.896902	-5.715769	-9.6559525e-09	-0.017142143	-5.722046e-09	-0.007729621	0.07302475	-0.04498496	117.87746	-44.471313	0	0	0.9100424	1.0	1.1758742	0.007010096	196000	250.35697722434998
49	17.023048	1.3115907	18.30925	14.829101	48.75	13.899191	71.0	34.0	1000.0	14603.0	0.073015	1.6104974	0.43231162	2.370115	0.21434122	9.070193	4.141252	33.674416	4.080577	-7.510185e-09	-0.021512596	-1.8119812e-07	-0.013905807	0.09632096	-0.057685856	45.8386	-27.484886	0	0	0.8968093	0.0	1.1611351	0.009229418	200000	255.6707468032837
