Epoch	AverageEpRet	StdEpRet	MaxEpRet	MinEpRet	AverageEpCost	StdEpCost	MaxEpCost	MinEpCost	EpLen	CumulativeCost	CostRate	AverageVVals	StdVVals	MaxVVals	MinVVals	AverageCostVVals	StdCostVVals	MaxCostVVals	MinCostVVals	LossPi	DeltaLossPi	SurrCost	DeltaSurrCost	LossV	DeltaLossV	LossVC	DeltaLossVC	Penalty	DeltaPenalty	StopIter	Entropy	KL	TotalEnvInteracts	Time
0	0.0018947273	2.0807118	3.5245018	-1.8734112	25.25	24.893524	63.0	0.0	1000.0	101.0	0.02525	0.20563486	0.39242283	0.9020621	-1.1296605	0.9549232	0.39834896	1.7159647	0.0027871942	-4.053116e-09	-0.022650855	-2.8371812e-08	-0.0123865	0.390224	-0.35283804	27.682093	-9.641245	0	0	79.0	1.837877	0.008431818	4000	6.586455583572388
1	0.3986021	1.2351805	2.453244	-0.6576694	82.0	35.630043	115.0	30.0	1000.0	429.0	0.053625	0.17984886	0.55153733	1.4348155	-1.1366066	3.36615	1.9044166	8.125989	-2.0272803	1.180172e-08	-0.030408215	1.2093783e-07	-0.0037344005	0.12935932	-0.10036891	97.00441	-44.446358	0	0	69.0	1.827883	0.011894733	8000	12.334885120391846
2	3.1119382	2.6698225	6.50222	0.031935383	100.5	55.002274	192.0	57.0	1000.0	831.0	0.06925	0.20027287	0.35130614	1.0662818	-0.7249758	8.687742	4.1609077	16.437363	-2.813052	2.193451e-08	-0.029515712	3.516674e-08	-0.0035669678	0.119641826	-0.0757703	127.32408	-39.782005	0	0	79.0	1.8320076	0.011211594	12000	17.459239959716797
3	3.1571405	2.157887	5.520868	-0.30679727	46.5	24.844517	89.0	27.0	1000.0	1017.0	0.0635625	0.30405557	0.5270638	1.3875794	-0.8466868	8.269616	7.2925296	19.337936	-10.630602	-1.07288365e-08	-0.028946938	-4.649162e-08	-0.0015968635	0.107068494	-0.048229948	104.8286	-56.362576	0	0	79.0	1.7999442	0.009266573	16000	22.53596329689026
4	1.747292	2.180332	4.7753606	-0.7701186	52.5	55.3963	130.0	0.0	1000.0	1227.0	0.06135	0.22326498	0.423534	1.2762531	-0.8108782	6.4850154	3.9698608	16.732767	-2.4627836	-1.3828277e-08	-0.028807512	7.152557e-09	-0.0137609495	0.0903826	-0.059685387	122.052345	-49.664032	0	0	79.0	1.7608461	0.00945557	20000	27.66155767440796
5	3.0859365	3.4342027	8.15113	-0.9358438	141.75	46.229725	194.0	76.0	1000.0	1794.0	0.07475	0.3587262	0.5492307	1.7953765	-0.9073446	5.3308573	6.7791815	21.158173	-5.4388494	-8.8214875e-09	-0.033305846	6.008148e-08	0.0020163374	0.062145755	-0.033731658	213.14474	-118.46695	0	0	79.0	1.7400839	0.010937778	24000	32.8733868598938
6	4.578258	1.9321258	7.4260674	2.1922934	121.25	53.0112	195.0	59.0	1000.0	2279.0	0.08139285714285714	0.379957	0.47321442	1.587916	-0.74775827	11.400794	5.547711	21.111382	-0.2432052	1.9073487e-09	-0.030798895	4.9114227e-08	-0.027958652	0.08058606	-0.052407548	138.23032	-47.415985	0	0	74.0	1.7145853	0.0119384155	28000	37.991185665130615
7	7.8789926	2.3026216	10.591144	4.304914	57.5	38.926212	103.0	0.0	1000.0	2509.0	0.07840625	0.754882	0.3937321	1.5298223	-0.40309864	10.924195	6.432141	25.662817	1.0183367	-6.556511e-10	-0.030988395	-1.11460686e-07	-0.0130693745	0.15398501	-0.108550236	93.957054	-50.598927	0	0	74.0	1.677564	0.011985484	32000	43.408201694488525
8	9.012994	0.9936394	9.725052	7.3010397	80.25	35.90526	120.0	42.0	1000.0	2830.0	0.07861111111111112	0.94738096	0.42262217	2.0336206	-0.09829274	6.627579	3.7936134	24.528004	1.4757388	-3.218651e-09	-0.034942076	1.5735626e-08	0.0023630217	0.20361468	-0.13502114	69.69919	-29.748962	0	0	79.0	1.6257899	0.011790896	36000	49.16632652282715
9	6.4928007	2.7223625	9.125904	1.9300593	66.75	49.97687	134.0	0.0	1000.0	3097.0	0.077425	0.93499136	0.48775873	2.237822	-0.5842179	8.023803	5.318484	25.619184	-2.841127	2.0980835e-08	-0.032393973	1.3875962e-07	0.006004769	0.27072823	-0.19263324	109.55889	-57.30215	0	0	76.0	1.581232	0.011917808	40000	55.3336124420166
10	10.063821	2.5960054	13.795274	7.6215196	43.25	16.452583	64.0	18.0	1000.0	3270.0	0.07431818181818182	0.89294106	0.41699037	1.9682027	-0.43361157	7.0945077	7.7510557	29.754673	0.028843954	-1.990795e-08	-0.03344125	-7.724762e-08	-0.0131030055	0.15912096	-0.11457342	58.099762	-39.69841	0	0	79.0	1.581805	0.011989268	44000	61.858041524887085
11	8.013004	3.9554422	10.6963625	1.2046394	120.0	11.937336	139.0	108.0	1000.0	3750.0	0.078125	1.0100609	0.41321582	1.9868723	-0.017066546	5.379564	3.9187796	26.78921	-1.7467425	4.6491624e-09	-0.032826222	4.4107438e-08	-0.014153632	0.19792743	-0.13592592	132.6597	-71.23172	0	0	77.0	1.5194858	0.0117912935	48000	67.6460587978363
12	6.566651	4.456137	10.1244955	-1.0154958	75.0	39.312847	114.0	10.0	1000.0	4050.0	0.07788461538461539	0.82351863	0.6827927	2.1429365	-0.840232	11.954671	5.202855	27.48221	3.9111786	2.0682812e-08	-0.03080308	6.377697e-08	-0.036238734	0.14406714	-0.09238905	71.71358	-38.15711	0	0	55.0	1.4947433	0.012226745	52000	72.70584416389465
13	10.474408	2.1041253	12.370768	7.0064445	133.5	41.094402	193.0	77.0	1000.0	4584.0	0.08185714285714285	0.9550839	0.5914146	2.1413805	-0.7507353	8.055413	4.511364	24.53691	0.31960553	-2.6226044e-09	-0.03470901	2.2411346e-07	0.017163556	0.12775373	-0.0848827	179.99287	-90.43178	0	0	77.0	1.4639077	0.01184475	56000	79.06124925613403
14	10.429462	3.137252	13.529879	5.3552766	55.75	11.366068	74.0	44.0	1000.0	4807.0	0.08011666666666667	1.1128088	0.49406838	1.9296819	-0.26414403	11.508031	7.2171454	31.755604	-1.1624671	3.904104e-09	-0.0060883593	-2.6702882e-08	-0.00023176194	0.09030227	-0.04056551	68.00891	-41.596916	0	0	2.0	1.4579953	0.008237576	60000	84.2159423828125
15	11.379612	0.54244155	12.055303	10.749964	76.0	18.533752	101.0	49.0	1000.0	5111.0	0.079859375	1.2101897	0.4698426	2.6436074	-0.17434205	7.449713	5.5307727	28.956324	-3.6636195	-6.437302e-09	-0.034000345	-3.1471252e-08	0.006166445	0.09174986	-0.059417147	38.42665	-13.174049	0	0	75.0	1.4563515	0.01220636	64000	89.50261664390564
16	11.0976	1.0888693	12.164917	9.614063	59.5	45.345894	124.0	0.0	1000.0	5349.0	0.07866176470588235	1.232666	0.5827718	2.3040524	-0.5603198	6.7560196	4.999855	26.79064	-4.4110622	3.0994416e-09	-0.033806782	-6.270409e-08	-0.012544862	0.1435057	-0.10336671	48.891945	-15.901081	0	0	78.0	1.4298396	0.012285585	68000	95.0690016746521
17	12.352868	2.4790545	15.222125	8.547593	94.25	35.75874	123.0	34.0	1000.0	5726.0	0.07952777777777778	1.2672933	0.41461512	2.0217183	-0.31711283	5.395082	4.7976646	26.571583	-1.9387119	-1.2993812e-08	-0.02938508	3.528595e-08	-0.019604921	0.17551373	-0.117670804	76.040825	-41.605377	0	0	65.0	1.393539	0.011677643	72000	100.54390549659729
18	13.484616	2.939591	16.39655	8.633481	59.25	30.638008	106.0	23.0	1000.0	5963.0	0.07846052631578948	1.3152407	0.49215057	2.1945338	-0.87402546	8.512102	5.760686	31.953867	0.1620599	1.1920929e-09	-0.029946199	-3.051758e-08	-0.014699987	0.15558016	-0.09063835	45.654804	-19.5103	0	0	51.0	1.3560143	0.011806511	76000	106.31926655769348
19	12.339963	0.977444	13.85157	11.341351	44.5	16.194136	70.0	26.0	1000.0	6141.0	0.0767625	1.3607496	0.5254266	2.4229279	-0.4835106	5.5014777	3.3770068	24.537193	1.2385201	-2.348423e-08	-0.03057255	-3.3378602e-09	-0.005680995	0.123656064	-0.07863274	31.768663	-8.559263	0	0	47.0	1.3096169	0.011755896	80000	111.91008234024048
20	14.707208	2.6980212	17.244486	10.199763	73.25	34.622066	113.0	28.0	1000.0	6434.0	0.07659523809523809	1.4125943	0.36953965	2.1632068	0.06532704	5.7890034	3.7128806	26.588717	1.459344	3.004074e-08	-0.029166965	1.7166137e-08	-0.007731268	0.13632351	-0.0711349	48.2575	-19.099491	0	0	43.0	1.2769907	0.011355997	84000	117.06860375404358
21	12.339544	2.580492	14.867514	8.867649	82.75	21.992897	113.0	58.0	1000.0	6765.0	0.076875	1.2671118	0.4388233	2.2376974	-0.2301981	7.0231895	3.8378892	29.488255	1.7321606	6.7353247e-09	-0.0062372857	-2.6226044e-08	-0.010586361	0.15266027	-0.11086348	33.82589	-8.117752	0	0	2.0	1.2515469	0.0056942264	88000	122.08746528625488
22	13.320196	2.0399754	16.494122	10.873327	58.0	33.852623	92.0	8.0	1000.0	6997.0	0.07605434782608696	1.3079755	0.52904814	2.4546509	-0.54752755	7.5197787	3.2843792	28.020098	1.9538454	8.940697e-09	-0.034262862	5.2452087e-08	0.03476027	0.11549312	-0.061801802	38.903522	-12.097591	0	0	62.0	1.2497985	0.012015856	92000	127.39886617660522
23	14.809304	1.5798869	17.13135	12.916088	87.75	33.214268	130.0	45.0	1000.0	7348.0	0.07654166666666666	1.4024158	0.48709568	2.4261465	-0.3291087	8.344134	6.123937	31.095581	-0.07900706	-3.5762786e-09	-0.033117924	1.206398e-07	-0.0270955	0.15688233	-0.11111404	63.823826	-32.400055	0	0	72.0	1.1985301	0.012129023	96000	132.897474527359
24	15.006154	0.75452125	15.720208	13.737077	54.75	17.483921	76.0	37.0	1000.0	7567.0	0.07567	1.5501812	0.46170563	2.2843187	-0.11729701	8.120083	3.8729026	27.678026	-1.8737962	-1.2755394e-08	-0.029273475	-6.67572e-08	0.020497896	0.13626121	-0.06764628	51.133224	-29.410353	0	0	57.0	1.154494	0.012052713	100000	138.28011178970337
25	14.939827	3.4558823	16.996082	8.954629	66.5	26.762848	92.0	25.0	1000.0	7833.0	0.0753173076923077	1.5482017	0.44547293	2.3721273	-0.03467461	6.9821577	6.401681	29.600737	-0.9043033	-1.847744e-08	-0.028417956	6.4611434e-08	0.0043837954	0.21418165	-0.13806304	63.83388	-27.087585	0	0	45.0	1.1052068	0.012081159	104000	143.97913479804993
26	13.651463	3.408443	18.192522	8.711805	102.5	25.74393	137.0	69.0	1000.0	8243.0	0.07632407407407407	1.4965522	0.5852471	2.797361	-0.3939659	9.699474	6.99412	29.692411	-4.4012537	8.3446505e-10	-0.03293092	-2.6702882e-08	0.01757037	0.2026011	-0.117874816	57.00313	-21.734787	0	0	52.0	1.0754664	0.0120418975	108000	149.6441192626953
27	14.321302	3.0452893	17.323122	9.466499	53.0	28.0	81.0	25.0	1000.0	8455.0	0.07549107142857144	1.4539084	0.6973143	2.4926057	-0.86190647	7.9114647	4.712431	30.905293	-2.6986198	1.1980534e-08	-0.00523566	-2.9087067e-08	0.0068847826	0.18065535	-0.11883786	39.106464	-15.198544	0	0	2.0	1.0670702	0.0034759394	112000	154.96593236923218
28	14.511148	0.9394999	15.577056	13.34036	63.25	45.367252	121.0	0.0	1000.0	8708.0	0.07506896551724138	1.457078	0.5303051	2.6095717	-0.17486963	6.694537	4.2051387	23.903461	0.7375863	-4.768372e-10	-0.033555973	-9.536744e-10	-0.01210334	0.114166446	-0.060387738	37.350857	-15.033756	0	0	69.0	1.0664665	0.011823026	116000	160.2718150615692
29	15.043481	2.2711513	18.255238	12.761275	74.25	42.944004	136.0	23.0	1000.0	9005.0	0.07504166666666667	1.6073331	0.422672	2.374707	0.30312425	6.6153193	5.3013434	30.225498	-2.6362739	7.629395e-09	-0.030138336	6.437302e-08	-0.019143337	0.07489679	-0.034130827	43.836983	-12.486046	0	0	58.0	1.0428813	0.012236984	120000	165.55566501617432
30	14.418246	1.0052933	15.166016	12.689142	68.0	22.293497	91.0	41.0	1000.0	9277.0	0.07481451612903225	1.5354267	0.50335765	2.1785717	-0.007927202	6.9928017	6.1973553	31.130613	-4.130858	1.7642975e-08	-0.031898748	1.7166137e-08	-0.002888549	0.08144526	-0.052041724	43.182446	-17.228794	0	0	58.0	1.0196321	0.011744628	124000	171.11121368408203
31	14.928281	1.3416623	16.565535	13.15558	47.0	15.732133	60.0	21.0	1000.0	9465.0	0.0739453125	1.460275	0.45618385	2.249507	0.063238315	6.5022097	4.2674923	25.932617	-2.962281	4.6491624e-09	-0.030005485	-4.4465065e-08	0.037455235	0.11533897	-0.06329653	43.076744	-19.50158	0	0	65.0	0.98119706	0.012124258	128000	176.87693047523499
32	18.186016	1.9825358	21.557076	16.470367	52.0	35.49648	110.0	14.0	1000.0	9673.0	0.07328030303030303	1.747764	0.3452438	2.3480663	0.2468101	4.67285	3.674896	27.154257	-1.3084307	-1.3589859e-08	-0.030442229	5.6028366e-08	-0.017652167	0.117256045	-0.062996656	38.33477	-18.468992	0	0	53.0	0.96106637	0.012019156	132000	183.20350122451782
33	17.300621	2.3766048	20.513243	13.930492	47.25	9.39082	55.0	32.0	1000.0	9862.0	0.07251470588235294	1.7005893	0.5117326	2.7440307	-0.082532205	4.4467154	4.4773273	31.169025	-1.4415523	2.3722649e-08	-0.030561235	-1.8119811e-08	0.004200243	0.12274022	-0.07020819	20.333597	-6.9481792	0	0	53.0	0.9421518	0.011533351	136000	189.31171131134033
34	13.345907	2.3446324	15.792725	9.755641	117.5	85.27749	241.0	0.0	1000.0	10332.0	0.0738	1.4975061	0.6325755	2.8023963	-0.3821134	6.5760374	5.6849523	30.497047	-0.37059054	4.529953e-09	-0.030066278	1.4233589e-07	0.00787574	0.11963891	-0.07943565	183.66766	-110.599335	0	0	35.0	0.9230128	0.011271206	140000	195.46666741371155
35	16.450352	2.2306805	19.315235	13.760507	39.5	24.264172	66.0	0.0	1000.0	10490.0	0.07284722222222222	1.5999434	0.4863245	2.5923398	0.07873866	6.647112	4.9765677	38.35755	-0.06433648	2.2560359e-08	-0.0065302243	-1.6331672e-08	-0.005027379	0.11438611	-0.066552304	21.874945	-13.380144	0	0	2.0	0.8997734	0.0069617126	144000	201.2244222164154
36	14.211874	0.76769793	15.480997	13.49304	33.25	26.920021	69.0	0.0	1000.0	10623.0	0.07177702702702703	1.562511	0.47401488	2.3606343	0.091821305	4.469165	2.8111455	22.112988	-0.5354893	8.881092e-09	-0.031469572	4.6610833e-08	-0.011793583	0.059644844	-0.037380636	30.827814	-14.565067	0	0	66.0	0.89849067	0.0115726795	148000	206.59944796562195
37	16.381964	1.8242345	19.197498	14.637346	76.0	59.979164	149.0	0.0	1000.0	10927.0	0.07188815789473685	1.5835778	0.47097415	2.5453749	0.06502809	3.9405515	3.4130583	14.130042	-0.022558033	5.00679e-09	-0.028818572	1.835823e-08	-0.0010779136	0.13513307	-0.08531137	65.95073	-30.500195	0	0	44.0	0.88485044	0.012183031	152000	211.92469716072083
38	14.769878	1.6441975	17.138264	12.829275	46.75	24.843258	83.0	13.0	1000.0	11114.0	0.07124358974358974	1.6042653	0.4947633	2.4485629	-0.16324443	7.7762265	4.844254	24.612976	0.96962696	-9.059906e-09	-0.031515244	-5.7935715e-08	-0.00555933	0.17327316	-0.1197191	35.174973	-19.825994	0	0	45.0	0.86261046	0.011422235	156000	217.26741003990173
39	16.973099	2.5806189	20.394295	13.121158	45.75	27.37129	87.0	12.0	1000.0	11297.0	0.07060625	1.6131734	0.39223325	2.4877152	0.24321383	5.6023397	3.057157	18.200617	1.0712965	1.9073486e-08	-0.010554916	-2.2411346e-08	-0.0048968284	0.1612533	-0.0901586	20.260012	-5.790167	0	0	6.0	0.82973826	0.010685473	160000	222.57299065589905
40	18.675669	1.3886693	20.37941	16.59165	48.75	23.327827	85.0	20.0	1000.0	11492.0	0.07007317073170732	1.8085612	0.37792552	2.5782876	0.43198022	4.915108	3.9654095	22.732761	0.32369292	6.9141386e-09	-0.030299507	-7.9870226e-08	0.0049410067	0.07704007	-0.03734331	23.795055	-9.914645	0	0	53.0	0.825678	0.011907721	164000	227.99897360801697
41	16.508451	2.8924277	18.627836	11.563533	44.5	15.435349	70.0	29.0	1000.0	11670.0	0.06946428571428571	1.794829	0.44893843	2.484192	0.4139925	4.36117	3.7045012	37.629402	-0.8970052	-6.2942505e-08	-0.028175524	4.863739e-08	-0.0024513928	0.11769455	-0.082228355	25.38434	-10.171164	0	0	35.0	0.7813486	0.011864136	168000	233.3671977519989
42	17.18119	1.3202407	19.014187	15.396384	90.5	32.81387	134.0	54.0	1000.0	12032.0	0.06995348837209302	1.74081	0.4452239	2.7715275	0.26652214	5.5851564	3.4970174	17.930353	0.36525542	-1.5497208e-09	-0.031065257	-2.8133393e-08	0.009558036	0.06544133	-0.04546336	45.74304	-21.981047	0	0	39.0	0.76671994	0.012260104	172000	238.75705122947693
43	18.389097	1.8942814	20.876898	15.543346	75.0	26.305893	117.0	49.0	1000.0	12332.0	0.07006818181818182	1.8228827	0.36915547	2.4699986	0.51962674	8.371119	3.9134512	21.19482	3.066555	-1.0609627e-08	-0.005517249	8.8214875e-09	0.008658277	0.14804432	-0.08824238	25.990368	-7.6975365	0	0	2.0	0.736338	0.0038897528	176000	244.0917010307312
44	17.927835	2.4154055	20.787518	14.119036	87.25	27.526123	120.0	60.0	1000.0	12681.0	0.07045	1.7710707	0.46769696	2.7196608	0.34820396	8.129336	4.227666	22.465374	3.6397424	-4.172325e-09	-0.025146816	5.7637692e-08	-0.016172735	0.14361146	-0.092583485	43.842564	-15.117802	0	0	30.0	0.73456967	0.012239962	180000	249.58466267585754
45	17.182848	1.9658386	19.743668	15.165215	47.0	20.530466	72.0	15.0	1000.0	12869.0	0.06994021739130435	1.8759608	0.49767	2.8628016	-0.09820591	7.3705125	4.364644	29.399128	3.6077182	-1.6689301e-09	-0.031269915	-4.220009e-08	-0.025325209	0.16156556	-0.11077319	33.885876	-17.205524	0	0	50.0	0.72787964	0.012054623	184000	255.08999037742615
46	18.512474	3.175349	23.302006	14.48377	50.75	37.989307	107.0	0.0	1000.0	13072.0	0.06953191489361703	1.8419653	0.41225412	2.6461992	0.5496944	5.9646115	4.389117	20.982172	0.44222516	3.9339065e-09	-0.023641147	4.6014787e-08	-0.026226193	0.1537885	-0.08691483	43.590645	-16.739395	0	0	36.0	0.7230525	0.0113842925	188000	260.610803604126
47	18.446564	2.3496275	22.14906	16.195751	52.25	49.027416	137.0	19.0	1000.0	13281.0	0.069171875	1.899548	0.4250603	2.63089	0.24134006	4.8400507	4.2754197	34.42726	-0.19463986	-5.1617622e-08	-0.03277736	-2.9563903e-08	-0.036156442	0.13667603	-0.08651662	51.852627	-22.869802	0	0	51.0	0.7117568	0.012759689	192000	266.27687978744507
48	17.463936	1.8269166	20.34592	15.286738	31.25	36.437447	89.0	0.0	1000.0	13406.0	0.06839795918367347	1.9043071	0.4402227	2.7773492	0.7785641	5.6063967	4.9997625	31.6196	-3.1694732	-5.2452087e-09	-0.020890303	-2.2888184e-08	0.0062824916	0.13888046	-0.09668335	22.076548	-14.967052	0	0	21.0	0.693804	0.011035921	196000	271.7963123321533
49	17.04255	0.8314924	18.409075	16.36134	37.25	31.736217	92.0	15.0	1000.0	13555.0	0.067775	1.7947913	0.4035848	2.6416981	0.61960393	2.7399957	3.521079	28.195398	-2.5071864	2.336502e-08	-0.02171632	1.821518e-07	0.009685805	0.071721755	-0.051421527	47.79952	-17.921658	0	0	22.0	0.6866214	0.011754891	200000	277.43937397003174
